[Basic]
sMirror1PosList=38.00,82.60,28.70;38.00,98.40,28.70;38.00,82.50,39.60;38.00,98.60,39.60
sMirror2PosList=38.00,90.60,28.70;38.00,106.50,28.70;38.00,90.70,39.80;38.00,106.60,39.80
sMirror1PlanePosList=95.35,55.40,21.35;95.35,55.40,15.60;95.35,61.74,18.89
sMirror2PlanePosList=92.15,62.77,15.40;92.15,69.25,13.12;92.15,69.25,19.19
sMirror0PlanePosList=92.20,34.00,10.00;92.20,37.50,10.00;92.20,34.00,19.00;92.20,37.50,19.00
Mirror1CaliPos=30.00,53.00,51.50
Mirror2CaliPos=35.00,53.00,51.50
Mirror0CaliPos=0,0,0
Mirror1PutPos=121.30,16.00,36.50
Mirror2PutPos=119.20,23.50,36.20
sMirror1JamedPosList=84.50,27.30,8.20;83.00,27.30,8.20;87.00,21.80,8.20;81.50,21.80,8.20
sMirror2JamedPosList=83.50,29.00,6.70;86.50,29.00,6.70;87.50,35.00,6.70;81.50,35.00,6.70
ShadowPos=43.50,31.00,27.50
sMirror1UVPosList=0,0,0
sMirror2UVPosList=0,0,0
DispensingInitialTime=3000
InitialDispensingPos=0,0,0
ShadowPosUp=65.00,28.00,4.70
sMirror0PlaneHeightPosList=34.00,10.00,0.393303532498517;37.50,10.00,0.36503451756451;34.00,19.00,0.307759855872296;37.50,19.00,0.276637654535731
sMirrorAdjDeepLength=6000
sMirrorPutAdjDeepLength=3179
sMirrorAdjBackLength=-6000
sMirrorAdjDeep2Length=4300
sMirrorPutAdjDeep2Length=2243
Offset_LEAttract=-26.2588512309044
Mirror1_Offset_Adj=0
Mirror2_Offset_Adj=0
LEPos=92.20,35.70,15.00
AttractPos=118.80,-6.50,33.50
Offset_ModuleZ=60
sMirrorTestDispensingPosList=48.00,30.00,20.50;43.00,30.00,20.50;37.00,30.00,20.50
sMirrorTestDispensingReady=48.00,30.00,18.00
[FilePath]
CfgPath=D:\JETEAZY\PROJECT-DISPENSING\WORK\H4UY SN-104120123001.dcfg
HWCPath=D:\JETEAZY\PROJECT-DISPENSING\WORK\H4UY SN-104120123001.hwc
[Other]
IsUseMeasureHeight=1
DispensingMsTime=300
[DX1]
sDispensingX1_1PosList=
sDispensingX1_2PosList=
GetPos1=0
GetPos2=0
PutPos1=0
PutPos2=0
UVWorkPos=0
SafePosReady=
DispendingPosReady=
