[Basic]
sMirror1PosList=38.80,76.50,26.80;38.80,92.40,26.80;38.80,76.50,37.80;38.80,92.40,37.80
sMirror2PosList=38.80,85.00,26.80;38.80,100.70,26.80;38.80,85.00,37.80;38.80,100.90,38.00
sMirror1PlanePosList=94.80,49.35,18.60;95.00,49.35,12.45;95.00,55.80,14.80;95.05,55.85,15.00;94.85,49.40,18.70
sMirror2PlanePosList=91.85,56.75,13.90;91.85,63.90,16.90;91.95,63.90,10.70;92.05,63.95,10.80;91.90,56.80,14.00
sMirror0PlanePosList=92.20,29.35,6.50;92.20,31.40,6.50;92.20,31.40,18.00;92.20,29.35,18.00
Mirror1CaliPos=30.00,47.00,50.00
Mirror2CaliPos=35.50,47.00,50.00
Mirror0CaliPos=0,0,0
Mirror1PutPos=122.20,9.90,34.70
Mirror2PutPos=119.20,18.15,33.40
sMirror1JamedPosList=76.60,19.70,9.30;74.90,19.65,9.30;78.60,14.00,9.30;72.10,14.00,9.30
sMirror2JamedPosList=77.60,21.40,7.20;75.90,21.40,7.20;79.70,27.80,7.15;73.10,27.80,7.15
ShadowPos=36.00,21.00,27.00
sMirror1UVPosList=0,0,0
sMirror2UVPosList=0,0,0
DispensingInitialTime=3000
InitialDispensingPos=0,0,0
ShadowPosUp=61.70,19.50,5.70
sMirror0PlaneHeightPosList=29.35,6.50,0.305574884330697;31.40,6.50,0.303515068406584;31.40,18.00,0.278573787629589;29.35,18.00,0.286079591005232
sMirrorAdjDeepLength=4300
sMirrorPutAdjDeepLength=3179
sMirrorAdjBackLength=-6000
sMirrorAdjDeep2Length=4550
sMirrorPutAdjDeep2Length=2243
Offset_LEAttract=-26.1329206054249
Mirror1_Offset_Adj=0.2
Mirror2_Offset_Adj=0.15
LEPos=92.30,30.20,12.70
AttractPos=118.80,-6.50,33.50
Offset_ModuleZ=0
sMirrorTestDispensingPosList=37.00,21.00,21.00;33.00,21.00,21.00
sMirrorTestDispensingReady=37.00,21.00,18.00
sMirror1ReadyPos=65.00,18.20,5.70
sMirror2ReadyPos=65.00,20.30,5.70
sMirror1ToMirror2ReadyPos=90.00,56.00,12.00
[FilePath]
CfgPath=D:\JETEAZY\PROJECT-DISPENSING\WORK\H4UY SN-104120123001.dcfg
HWCPath=D:\JETEAZY\PROJECT-DISPENSING\WORK\H4UY SN-104120123001.hwc
[Other]
IsUseMeasureHeight=1
DispensingMsTime=600
DispensingUpDelayTime=2000
ReadLaserDelaytime=300
[DX1]
sDispensingX1_1PosList=
sDispensingX1_2PosList=
GetPos1=0
GetPos2=0
PutPos1=0
PutPos2=0
UVWorkPos=0
SafePosReady=
DispendingPosReady=
