[Basic]
sMirror1PosList=38,85,29
sMirror2PosList=0,0,0;0,0,0;0,0,0;0,0,0
sMirror1PlanePosList=93,35,14;93,35,17;93,38,17;93,38,13
sMirror2PlanePosList=0,0,0
sMirror0PlanePosList=93,35,19;93,37,19;93,37,12;93,35,12
Mirror1CaliPos=42,57,29
Mirror2CaliPos=0,0,0
Mirror0CaliPos=0,0,0
Mirror1PutPos=82,22,25
Mirror2PutPos=0,0,0
sMirror1JamedPosList=80,20,15;80,30,15;75,25,15;80,25,15
sMirror2JamedPosList=0,0,0;0,0,0;0,0,0;0,0,0
ShadowPos=43,30,0
sMirror1UVPosList=0,0,0
sMirror2UVPosList=0,0,0
DispensingInitialTime=3000
InitialDispensingPos=0,0,0
ShadowPosUp=43,30,0
sMirror0PlaneHeightPosList=35,19,0.354944809536281;37,19,0.357638699569603;37,12,0.382223963665229;35,12,0.375390719812214
sMirrorAdjDeepLength=4320
sMirrorPutAdjDeepLength=0
sMirrorAdjBackLength=-3000
sMirrorAdjDeep2Length=0
sMirrorPutAdjDeep2Length=0
[FilePath]
CfgPath=D:\JETEAZY\PROJECT-DISPENSING\WORK\H4UY SN-104120123001.dcfg
HWCPath=D:\JETEAZY\PROJECT-DISPENSING\WORK\H4UY SN-104120123001.hwc
[Other]
IsUseMeasureHeight=1
