[Basic]
sMirror1PosList=38.00,84,29.00;38.00,100.30,29.00;38.00,84.20,40.70;38.00,100.3,40.7
sMirror2PosList=38.00,92.21,29.00;38.00,108.50,29.00;38.00,92.5,40.70;38.00,108.50,40.7
sMirror1PlanePosList=95.23,56.02,11.28;95.23,56.02,13.32;95.23,56.02,15.40;95.23,56.02,18.64
sMirror2PlanePosList=91.93,70.04,7.20;91.93,70.04,10.44;91.93,70.04,14.84;91.93,70.04,16.84
sMirror0PlanePosList=93,35,19;93,37,19;93,37,12;93,35,12
Mirror1CaliPos=42,57,29
Mirror2CaliPos=42,57,29
Mirror0CaliPos=0,0,0
Mirror1PutPos=115.00,17.2,29.96
Mirror2PutPos=115,24.88,29.96
sMirror1JamedPosList=80.56,22.66,7.82;83.96,22.66,7.82;80.56,27.58,7.82;83.96,27.58,7.82
sMirror2JamedPosList=80.56,30.03,5.8;83.96,30.03,5.8;80.56,35.73,5.8;83.96,35.73,5.8
ShadowPos=57.20,26.58,4.11
sMirror1UVPosList=0,0,0
sMirror2UVPosList=0,0,0
DispensingInitialTime=3000
InitialDispensingPos=0,0,0
ShadowPosUp=57.20,26.58,4.11
sMirror0PlaneHeightPosList=35,19,0.354944809536281;37,19,0.357638699569603;37,12,0.382223963665229;35,12,0.375390719812214
sMirrorAdjDeepLength=5790
sMirrorPutAdjDeepLength=3780
sMirrorAdjBackLength=-3000
sMirrorAdjDeep2Length=4293
sMirrorPutAdjDeep2Length=1457
[FilePath]
CfgPath=D:\JETEAZY\PROJECT-DISPENSING\WORK\H4UY SN-104120123001.dcfg
HWCPath=D:\JETEAZY\PROJECT-DISPENSING\WORK\H4UY SN-104120123001.hwc
[Other]
IsUseMeasureHeight=1
DispensingMsTime=500
