[Basic]
sMirror1PosList=38.80,76.20,27.10;38.80,92.10,27.10;38.80,76.20,38.50;38.80,92.10,38.30
sMirror2PosList=38.80,84.20,27.10;38.80,100.00,27.20;38.80,84.10,38.30;38.80,100.10,38.50
sMirror1PlanePosList=95.35,48.90,19.50;95.35,48.90,13.20;95.45,55.30,16.20
sMirror2PlanePosList=92.40,56.20,15.00;92.45,63.30,18.00;92.40,63.30,12.00
sMirror0PlanePosList=92.20,29.35,6.50;92.20,31.40,6.50;92.20,31.40,18.00;92.20,29.35,18.00
Mirror1CaliPos=30.00,47.00,50.00
Mirror2CaliPos=35.50,47.00,50.00
Mirror0CaliPos=0,0,0
Mirror1PutPos=122.20,9.40,35.40
Mirror2PutPos=119.20,17.00,34.00
sMirror1JamedPosList=77.80,18.20,8.80;75.50,18.20,8.70;80.00,12.60,8.80;74.00,12.60,8.80
sMirror2JamedPosList=78.80,20.30,6.80;76.20,20.30,6.70;80.50,26.20,6.70;74.70,26.20,6.70
ShadowPos=35.50,21.00,28.00
sMirror1UVPosList=0,0,0
sMirror2UVPosList=0,0,0
DispensingInitialTime=3000
InitialDispensingPos=0,0,0
ShadowPosUp=61.70,19.50,4.70
sMirror0PlaneHeightPosList=29.35,6.50,0.30580920743409;31.40,6.50,0.302063934200511;31.40,18.00,0.28816117153959;29.35,18.00,0.286963644924583
sMirrorAdjDeepLength=4250
sMirrorPutAdjDeepLength=3179
sMirrorAdjBackLength=-6000
sMirrorAdjDeep2Length=4250
sMirrorPutAdjDeep2Length=2243
Offset_LEAttract=-26.1318695040431
Mirror1_Offset_Adj=0.0396
Mirror2_Offset_Adj=-0.0699
LEPos=92.30,30.20,12.70
AttractPos=118.80,-6.50,33.50
Offset_ModuleZ=0
sMirrorTestDispensingPosList=40.00,21.00,20.70;35.00,21.00,20.70;30.00,21.00,20.70
sMirrorTestDispensingReady=40.00,21.00,18.00
[FilePath]
CfgPath=D:\JETEAZY\PROJECT-DISPENSING\WORK\H4UY SN-104120123001.dcfg
HWCPath=D:\JETEAZY\PROJECT-DISPENSING\WORK\H4UY SN-104120123001.hwc
[Other]
IsUseMeasureHeight=1
DispensingMsTime=700
[DX1]
sDispensingX1_1PosList=
sDispensingX1_2PosList=
GetPos1=0
GetPos2=0
PutPos1=0
PutPos2=0
UVWorkPos=0
SafePosReady=
DispendingPosReady=
